{"nbformat":4,"nbformat_minor":0,"metadata":{"colab":{"provenance":[{"file_id":"1RdUhjvRR8rK4dZUHPnUgyxZxXUM48oWi","timestamp":1757214159678}],"authorship_tag":"ABX9TyNca0zUkV0rKsVJzxXrY9mj"},"kernelspec":{"name":"python3","display_name":"Python 3"},"language_info":{"name":"python"}},"cells":[{"cell_type":"code","source":["# Importamos la librería Sympy para elaborar las matrices\n","import sympy as sp\n","\n","# Definimos la Matriz A de tamaño 3x3.\n","A = sp.Matrix([\n","    [1, 2, 3],\n","    [4, 5, 6],\n","    [7, 8, 9]\n","])\n","\n","# Mostramos la matriz A en formato de filas y columnas.\n","print(\"Matriz A:\")\n","display(A)\n","\n","# Calculamos el Determinante de la Matriz A.\n","det_A = A.det()\n","print(\"El determinante de A es: \", det_A)\n","\n","# Creamos una copia de A para no modificar la matriz original.\n","C = A.copy()\n","\n","# caso de f = 1e-5\n","print(\"\\n====== caso f = 1e-5 ======\\n\")\n","f = 1e-5\n","\n","# Modificamos el elemento de la posición (3,3) en la matriz C.\n","# En Python los índices comienzan en 0, por lo tanto (3,3) corresponde a [2,2].\n","C[2, 2] = A[2, 2] + f\n","\n","# Mostramos la nueva matriz C.\n","print(\"Matriz C (con el incremento f en la última entrada):\")\n","display(C)\n","\n","# Calculamos el determinante de la matriz C\n","det_C = C.det()\n","print(\"El determinante de C es: \", det_C)\n","\n","# Verificamos que C es invertible, entonces calculamos la inversa de la matriz\n","inv_C = C.inv()\n","print(\"La inversa de C es:\")\n","display(inv_C)\n","\n","# Definimos el vector b correspondiente al sistema C*y = b\n","# Observa que el último elemento depende de f para que la solución exacta siga siendo x = [1,1,1]\n","b = sp.Matrix([\n","    [6],\n","    [15],\n","    [24+f]\n","])\n","\n","# Resolvemos el sistema multiplicando la inversa de C por b\n","# Esto nos da la solución calculada y para el sistema\n","y = inv_C * b\n","\n","# Definimos la solución exacta conocida del sistema\n","x = sp.Matrix([1, 1, 1])\n","\n","# Calculamos la diferencia entre la solución exacta y la calculada\n","# Esto nos permite ver qué tan cerca está y de x\n","z = x - y\n","\n"," # Mostramos los resultados\n","print(\"Vector b:\")\n","display(b)\n","print(\"Solución calculada y:\")\n","display(y)\n","print(\"Diferencia z = x - y:\")\n","display(z)\n","\n","\n","# caso de f = 1e-7\n","print(\"\\n====== caso f = 1e-7 ======\\n\")\n","C = A.copy()\n","f = 1e-7\n","C[2, 2] = A[2, 2] + f\n","\n","print(\"Matriz C (con el incremento f en la última entrada):\")\n","display(C)\n","\n","det_C = C.det()\n","print(\"El determinante de C es: \", det_C)\n","\n","inv_C = C.inv()\n","print(\"La inversa de C es:\")\n","display(inv_C)\n","\n","# Definimos el vector b correspondiente al sistema C*y = b\n","# Observa que el último elemento depende de f para que la solución exacta siga siendo x = [1,1,1]\n","b = sp.Matrix([\n","    [6],\n","    [15],\n","    [24+f]\n","])\n","\n","# Resolvemos el sistema multiplicando la inversa de C por b\n","# Esto nos da la solución calculada y para el sistema\n","y = inv_C * b\n","\n","# Definimos la solución exacta conocida del sistema\n","x = sp.Matrix([1, 1, 1])\n","\n","# Calculamos la diferencia entre la solución exacta y la calculada\n","# Esto nos permite ver qué tan cerca está y de x\n","z = x - y\n"," # Mostramos los resultados\n","print(\"Vector b:\")\n","display(b)\n","print(\"Solución calculada y:\")\n","display(y)\n","print(\"Diferencia z = x - y:\")\n","display(z)\n","\n","# Caso de f = 1e-10\n","print(\"\\n====== caso f = 1e-10 ======\\n\")\n","C = A.copy()\n","f = 1e-10\n","C[2, 2] = A[2, 2] + f\n","\n","print(\"Matriz C (con el incremento f en la última entrada):\")\n","display(C)\n","\n","det_C = C.det()\n","print(\"El determinante de C es: \", det_C)\n","\n","inv_C = C.inv()\n","print(\"La inversa de C es:\")\n","display(inv_C)\n","\n","# Definimos el vector b correspondiente al sistema C*y = b\n","# Observa que el último elemento depende de f para que la solución exacta siga siendo x = [1,1,1]\n","\n","b= sp.Matrix([\n","    [6],\n","    [15],\n","    [24+f]\n","])\n","\n","# Resolvemos el sistema multiplicando la inversa de C por b\n","# Esto nos da la solución calculada y para el sistema\n","\n","y =  inv_C * b\n","\n","# Definimos la solución exacta conocida del sistema\n","x = sp.Matrix([1, 1, 1])\n","\n","# Calculamos la diferencia entre la solución exacta y la calculada\n","# Esto nos permite ver qué tan cerca está y de x\n","z = x - y\n","\n"," # Mostramos los resultados\n","print(\"Vector b:\")\n","display(b)\n","print(\"Solución calculada y:\")\n","display(y)\n","print(\"Diferencia z = x - y:\")\n","display(z)\n","\n","# Al calcular la inversa de C con f=1e-5, 1e-7 y 1e-10\n","# se ve que mientras los elementos de C siguen siendo del orden de 1 a 10\n","# los de inv(C) crecen muchísimo: 1e-5, 1e-7 y 1e-10 respectivamente.\n","# Esto muestra que, cuanto más pequeño es f, C está más cerca de no ser invertible\n","# y su inversa se vuelve muy inestable."],"metadata":{"colab":{"base_uri":"https://localhost:8080/","height":1000},"id":"flBH17sFniXu","executionInfo":{"status":"ok","timestamp":1757385553173,"user_tz":300,"elapsed":7830,"user":{"displayName":"Jared Alvarez","userId":"15229482924929734547"}},"outputId":"0127ef8f-41fe-47ce-aadf-e59eeb712dbd"},"execution_count":1,"outputs":[{"output_type":"stream","name":"stdout","text":["Matriz A:\n"]},{"output_type":"display_data","data":{"text/plain":["Matrix([\n","[1, 2, 3],\n","[4, 5, 6],\n","[7, 8, 9]])"],"text/latex":"$\\displaystyle \\left[\\begin{matrix}1 & 2 & 3\\\\4 & 5 & 6\\\\7 & 8 & 9\\end{matrix}\\right]$"},"metadata":{}},{"output_type":"stream","name":"stdout","text":["El determinante de A es:  0\n","\n","====== caso f = 1e-5 ======\n","\n","Matriz C (con el incremento f en la última entrada):\n"]},{"output_type":"display_data","data":{"text/plain":["Matrix([\n","[1, 2,       3],\n","[4, 5,       6],\n","[7, 8, 9.00001]])"],"text/latex":"$\\displaystyle \\left[\\begin{matrix}1 & 2 & 3\\\\4 & 5 & 6\\\\7 & 8 & 9.00001\\end{matrix}\\right]$"},"metadata":{}},{"output_type":"stream","name":"stdout","text":["El determinante de C es:  -3.00000000095224e-5\n","La inversa de C es:\n"]},{"output_type":"display_data","data":{"text/plain":["Matrix([\n","[ 99998.3333393396, -199999.333345346,  100000.000006006],\n","[-199998.666678679,  399999.666690691, -200000.000012012],\n","[ 100000.000006006, -200000.000012012,  100000.000006006]])"],"text/latex":"$\\displaystyle \\left[\\begin{matrix}99998.3333393396 & -199999.333345346 & 100000.000006006\\\\-199998.666678679 & 399999.666690691 & -200000.000012012\\\\100000.000006006 & -200000.000012012 & 100000.000006006\\end{matrix}\\right]$"},"metadata":{}},{"output_type":"stream","name":"stdout","text":["Vector b:\n"]},{"output_type":"display_data","data":{"text/plain":["Matrix([\n","[       6],\n","[      15],\n","[24.00001]])"],"text/latex":"$\\displaystyle \\left[\\begin{matrix}6\\\\15\\\\24.00001\\end{matrix}\\right]$"},"metadata":{}},{"output_type":"stream","name":"stdout","text":["Solución calculada y:\n"]},{"output_type":"display_data","data":{"text/plain":["Matrix([\n","[0.999999999534339],\n","[              1.0],\n","[0.999999999534339]])"],"text/latex":"$\\displaystyle \\left[\\begin{matrix}0.999999999534339\\\\1.0\\\\0.999999999534339\\end{matrix}\\right]$"},"metadata":{}},{"output_type":"stream","name":"stdout","text":["Diferencia z = x - y:\n"]},{"output_type":"display_data","data":{"text/plain":["Matrix([\n","[4.65661287307739e-10],\n","[                   0],\n","[4.65661287307739e-10]])"],"text/latex":"$\\displaystyle \\left[\\begin{matrix}4.65661287307739 \\cdot 10^{-10}\\\\0\\\\4.65661287307739 \\cdot 10^{-10}\\end{matrix}\\right]$"},"metadata":{}},{"output_type":"stream","name":"stdout","text":["\n","====== caso f = 1e-7 ======\n","\n","Matriz C (con el incremento f en la última entrada):\n"]},{"output_type":"display_data","data":{"text/plain":["Matrix([\n","[1, 2,         3],\n","[4, 5,         6],\n","[7, 8, 9.0000001]])"],"text/latex":"$\\displaystyle \\left[\\begin{matrix}1 & 2 & 3\\\\4 & 5 & 6\\\\7 & 8 & 9.0000001\\end{matrix}\\right]$"},"metadata":{}},{"output_type":"stream","name":"stdout","text":["El determinante de C es:  -2.99999996400402e-7\n","La inversa de C es:\n"]},{"output_type":"display_data","data":{"text/plain":["Matrix([\n","[ 9999998.43851697, -19999999.5437006,  10000000.1051836],\n","[-19999998.8770339,  40000000.0874012, -20000000.2103673],\n","[ 10000000.1051836, -20000000.2103673,  10000000.1051836]])"],"text/latex":"$\\displaystyle \\left[\\begin{matrix}9999998.43851697 & -19999999.5437006 & 10000000.1051836\\\\-19999998.8770339 & 40000000.0874012 & -20000000.2103673\\\\10000000.1051836 & -20000000.2103673 & 10000000.1051836\\end{matrix}\\right]$"},"metadata":{}},{"output_type":"stream","name":"stdout","text":["Vector b:\n"]},{"output_type":"display_data","data":{"text/plain":["Matrix([\n","[         6],\n","[        15],\n","[24.0000001]])"],"text/latex":"$\\displaystyle \\left[\\begin{matrix}6\\\\15\\\\24.0000001\\end{matrix}\\right]$"},"metadata":{}},{"output_type":"stream","name":"stdout","text":["Solución calculada y:\n"]},{"output_type":"display_data","data":{"text/plain":["Matrix([\n","[             1.0],\n","[1.00000005960464],\n","[             1.0]])"],"text/latex":"$\\displaystyle \\left[\\begin{matrix}1.0\\\\1.00000005960464\\\\1.0\\end{matrix}\\right]$"},"metadata":{}},{"output_type":"stream","name":"stdout","text":["Diferencia z = x - y:\n"]},{"output_type":"display_data","data":{"text/plain":["Matrix([\n","[                   0],\n","[-5.96046447753906e-8],\n","[                   0]])"],"text/latex":"$\\displaystyle \\left[\\begin{matrix}0\\\\-5.96046447753906 \\cdot 10^{-8}\\\\0\\end{matrix}\\right]$"},"metadata":{}},{"output_type":"stream","name":"stdout","text":["\n","====== caso f = 1e-10 ======\n","\n","Matriz C (con el incremento f en la última entrada):\n"]},{"output_type":"display_data","data":{"text/plain":["Matrix([\n","[1, 2,            3],\n","[4, 5,            6],\n","[7, 8, 9.0000000001]])"],"text/latex":"$\\displaystyle \\left[\\begin{matrix}1 & 2 & 3\\\\4 & 5 & 6\\\\7 & 8 & 9.0000000001\\end{matrix}\\right]$"},"metadata":{}},{"output_type":"stream","name":"stdout","text":["El determinante de C es:  -3.00005353892630e-10\n","La inversa de C es:\n"]},{"output_type":"display_data","data":{"text/plain":["Matrix([\n","[ 10000021375.4358, -20000042753.5383, 10000021377.1025],\n","[-20000042752.8716,  40000085508.0766, -20000042754.205],\n","[ 10000021377.1025,  -20000042754.205, 10000021377.1025]])"],"text/latex":"$\\displaystyle \\left[\\begin{matrix}10000021375.4358 & -20000042753.5383 & 10000021377.1025\\\\-20000042752.8716 & 40000085508.0766 & -20000042754.205\\\\10000021377.1025 & -20000042754.205 & 10000021377.1025\\end{matrix}\\right]$"},"metadata":{}},{"output_type":"stream","name":"stdout","text":["Vector b:\n"]},{"output_type":"display_data","data":{"text/plain":["Matrix([\n","[            6],\n","[           15],\n","[24.0000000001]])"],"text/latex":"$\\displaystyle \\left[\\begin{matrix}6\\\\15\\\\24.0000000001\\end{matrix}\\right]$"},"metadata":{}},{"output_type":"stream","name":"stdout","text":["Solución calculada y:\n"]},{"output_type":"display_data","data":{"text/plain":["Matrix([\n","[0.99993896484375],\n","[ 1.0001220703125],\n","[0.99993896484375]])"],"text/latex":"$\\displaystyle \\left[\\begin{matrix}0.99993896484375\\\\1.0001220703125\\\\0.99993896484375\\end{matrix}\\right]$"},"metadata":{}},{"output_type":"stream","name":"stdout","text":["Diferencia z = x - y:\n"]},{"output_type":"display_data","data":{"text/plain":["Matrix([\n","[  6.103515625e-5],\n","[-0.0001220703125],\n","[  6.103515625e-5]])"],"text/latex":"$\\displaystyle \\left[\\begin{matrix}6.103515625 \\cdot 10^{-5}\\\\-0.0001220703125\\\\6.103515625 \\cdot 10^{-5}\\end{matrix}\\right]$"},"metadata":{}}]},{"cell_type":"code","source":[],"metadata":{"id":"Jid9Wj2y6tdI"},"execution_count":null,"outputs":[]}]}